0036 6dc0 0000 0000
fffd 0011 0004 0000
fffe 0023 0004 0000
fffb 0011 fffb 0000
fffe 0014 0005 0000
0003 002a 000a 0000
0003 0019 0002 0000
fffb 000c ffff 0000
ffff 001f 0002 0000
fffb 000d fff8 0000

ffe0 04dd 0000 0000
0008 ffff fffe 0000
000d 002a 0009 0000
0002 ffff 0006 0000
0004 000f fff2 0000
0014 004f 0001 0000
fff5 0000 ffe9 0000
fffb ffef 000d 0000
ffef 0009 ffff 0000
0008 fffd 0018 0000

ffff f9b3 0000 0000
0000 0000 0000 0000
0000 0000 0000 0000
0000 0000 0000 0000
0000 0000 0000 0000
0000 0000 0000 0000
0000 0000 0000 0000
0000 0000 0000 0000
0000 0000 0000 0000
0000 0000 0000 0000

001f 5a7f 0000 0000
0002 ffff 0001 0000
0013 0002 0001 0000
000c 0001 0002 0000
0002 fffd 0000 0000
001a 0004 fffd 0000
0014 0006 0000 0000
0000 fffe 0001 0000
0011 0003 0000 0000
000c 0003 0001 0000