ffff fdb9 0000 0000
0000 0000 0000 0000
0000 0000 0000 0000
0000 0000 0000 0000
0000 0000 0000 0000
0000 0000 0000 0000
0000 0000 0000 0000
0000 0000 0000 0000
0000 0000 0000 0000
0000 0000 0000 0000

001a c55a 0000 0000
fff5 ff9c 0041 0000
ffc3 ffd4 0064 0000
ffcf 0015 0043 0000
ffc9 ff8a 005d 0000
ff8a ffd5 0097 0000
ffb0 002b 006f 0000
0005 ffc2 0020 0000
ffdd ffef 0037 0000
ffe9 0013 0017 0000

ffff fb6f 0000 0000
0000 0000 0000 0000
0000 0000 0000 0000
0000 0000 0000 0000
0000 0000 0000 0000
0000 0000 0000 0000
0000 0000 0000 0000
0000 0000 0000 0000
0000 0000 0000 0000
0000 0000 0000 0000

0017 dee2 0000 0000
0030 0034 0024 0000
ffbb 0027 007b 0000
ffca ff72 ffd9 0000
0041 0063 0041 0000
ff9f 0041 00aa 0000
ff8d ff3a ffcb 0000
0018 000f 0002 0000
ffdf 0027 0041 0000
ffe9 ffb6 fff3 0000