000000100000000000000000000000000000000000000000000000000000000000000000001000000000000000000000000000000000000000000000000000000000000000000000
000000100000000000000000000000000000000000000000000000000000000000000000000001000000000000000000000000000000000000001100000000000000000000000000
111111000000101001000000000000000000000000111000000110000011000000110000000100110001100000000000000000000000000000000000000000000000000000000000
000000101000000000000000000000000000000000000000000000000000000000000000000000001001010000000000000000000000000000011000000000000000000000000000
111111100000110110000000001100000001000000011000101110000011000000110000001000000000010100000000000000000000000000100100000000000000000000000000
111111010000101001000000000000000000000000111000000110000011000000110000000110010101101000000000000000000000000000000000000000000000000000000000
000000101000000000000000000000000000000000000000000000000000000000000000000001000001010000000000000000000000000000110000000000000000000000000000
111111100000110110000000001100000001000000011000101110000011000000110000000000001000010100000000000000000000000000111100000000000000000000000000
111111010000101001000000000000000000000000111000000110000011000000110000000010100111101000000011000000000000000000000000000000000000000000000000
000000101000000000000000000000000000000000000000000000000000000000000000001000000001010000000000000000000000000001001000000000000000000000000000
111111100000110110000000001100000001000000011000101110000011000000110000000001000000010100000000000000000000000001010100000000000000000000000000
111111010000101001000000000000000000000000111000000110000011000000110000000100110011101000000110000000000000000000000000000000000000000000000000
000000001000000000000000000000000000000000000000000000000000000000000000000000000001010000000000000000000000000000000000000000000000000000000000
111111000000110110000000001100000001000000011000101110000011000000110000000000000000010100000000000000000000000000000000000000000000000000000000
000000010000000000000000000000000000000000000000000000000000000000000000000000000000001000001001000000000000000000000000000000000000000000000000
