000000100000000000000000000000000000000000000000000000000000000000001000000000000000000000000000000000000000000000000000000000000000000000000000
111111100000110110000000000000000000000011111000001010011111000000000011001100000000000000000000000000000000000000001100000000000000000000000000
111111100000110110000000000000000000000011111000001010011111000000001000010001100000000000000000000000000000000000011000000000000000000000000000
111111000000101001000000000110000000010011111000000000001111000000000000000100110001100000000000000000000000000000000000000000000000000000000000
111111101000110110000000000000000000000011111000001010011111000000000011000000001101010000000000000000000000000000100100000000000000000000000000
111111000000110110000000001001000000100001111000001010001111000000000000000000000000010100000000000000000000000000000000000000000000000000000000
111111110000110110000000000000000000000011111000001010011111000000001000011100000000001000000000000000000000000000110000000000000000000000000000
111111000000101001000000000110000000010011111000000000001111000000000000000110010101100000000000000000000000000000000000000000000000000000000000
111111101000110110000000000000000000000011111000001010011111000000000011000001100001010000000000000000000000000000111100000000000000000000000000
111111000000110110000000001001000000100001111000001010001111000000000000000000000000010100000000000000000000000000000000000000000000000000000000
111111110000110110000000000000000000000011111000001010011111000000001000010000001100001000000011000000000000000001001000000000000000000000000000
111111000000101001000000000110000000010011111000000000001111000000000000000010100111100000000000000000000000000000000000000000000000000000000000
111111101000110110000000000000000000000011111000001010011111000000000011001100000001010000000000000000000000000001010100000000000000000000000000
111111000000110110000000001001000000100001111000001010001111000000000000000000000000010100000000000000000000000000000000000000000000000000000000
111111110000110110000000000000000000000011111000001010011111000000001000010001100000001000000110000000000000000001100000000000000000000000000000
111111000000101001000000000110000000010011111000000000001111000000000000000100110011100000000000000000000000000000000000000000000000000000000000
111111101000110110000000000000000000000011111000001010011111000000000011000000001101010000000000000000000000000001101100000000000000000000000000
111111000000110110000000001001000000100001111000001010001111000000000000000000000000010100000000000000000000000000000000000000000000000000000000
111111110000110110000000000000000000000011111000001010011111000000001000011100000000001000001001000000000000000001111000000000000000000000000000
111111000000101001000000000110000000010011111000000000001111000000000000000110010101100000000000000000000000000000000000000000000000000000000000
111111101000110110000000000000000000000011111000001010011111000000000011000001100001010000000000000000000000000010000100000000000000000000000000
111111000000110110000000001001000000100001111000001010001111000000000000000000000000010100000000000000000000000000000000000000000000000000000000
111111110000110110000000000000000000000011111000001010011111000000001000010000001100001000001100000000000000000010010000000000000000000000000000
111111000000101001000000000110000000010011111000000000001111000000000000000010100111100000000000000000000000000000000000000000000000000000000000
111111101000110110000000000000000000000011111000001010011111000000000011001100000001010000000000000000000000000010011100000000000000000000000000
111111000000110110000000001001000000100001111000001010001111000000000000000000000000010100000000000000000000000000000000000000000000000000000000
111111110000110110000000000000000000000011111000001010011111000000001000010001100000001000001111000000000000000010101000000000000000000000000000
111111000000101001000000000110000000010011111000000000001111000000000000000100110011100000000000000000000000000000000000000000000000000000000000
111111101000110110000000000000000000000011111000001010011111000000000011000000001101010000000000000000000000000010110100000000000000000000000000
111111000000110110000000001001000000100001111000001010001111000000000000000000000000010100000000000000000000000000000000000000000000000000000000
111111110000110110000000000000000000000011111000001010011111000000001000011100000000001000010010000000000000000011000000000000000000000000000000
111111000000101001000000000110000000010011111000000000001111000000000000000110010101100000000000000000000000000000000000000000000000000000000000
111111101000110110000000000000000000000011111000001010011111000000000011000001100001010000000000000000000000000011001100000000000000000000000000
111111000000110110000000001001000000100001111000001010001111000000000000000000000000010100000000000000000000000000000000000000000000000000000000
111111110000110110000000000000000000000011111000001010011111000000001000010000001100001000010101000000000000000011011000000000000000000000000000
111111000000101001000000000110000000010011111000000000001111000000000000000010100111100000000000000000000000000000000000000000000000000000000000
111111101000110110000000000000000000000011111000001010011111000000000011001100000001010000000000000000000000000011100100000000000000000000000000
111111000000110110000000001001000000100001111000001010001111000000000000000000000000010100000000000000000000000000000000000000000000000000000000
111111110000110110000000000000000000000011111000001010011111000000001000010001100000001000011000000000000000000011110000000000000000000000000000
111111000000101001000000000110000000010011111000000000001111000000000000000100110011100000000000000000000000000000000000000000000000000000000000
111111101000110110000000000000000000000011111000001010011111000000000011000000001101010000000000000000000000000011111100000000000000000000000000
111111000000110110000000001001000000100001111000001010001111000000000000000000000000010100000000000000000000000000000000000000000000000000000000
111111110000110110000000000000000000000011111000001010011111000000001000011100000000001000011011000000000000000100001000000000000000000000000000
111111000000101001000000000110000000010011111000000000001111000000000000000110010101100000000000000000000000000000000000000000000000000000000000
111111101000110110000000000000000000000011111000001010011111000000000011000001100001010000000000000000000000000100010100000000000000000000000000
111111000000110110000000001001000000100001111000001010001111000000000000000000000000010100000000000000000000000000000000000000000000000000000000
111111110000110110000000000000000000000011111000001010011111000000001000010000001100001000011110000000000000000100100000000000000000000000000000
111111000000101001000000000110000000010011111000000000001111000000000000000010100111100000000000000000000000000000000000000000000000000000000000
111111101000110110000000000000000000000011111000001010011111000000000011001100000001010000000000000000000000000100101100000000000000000000000000
111111000000110110000000001001000000100001111000001010001111000000000000000000000000010100000000000000000000000000000000000000000000000000000000
111111110000110110000000000000000000000011111000001010011111000000001000010001100000001000100001000000000000000100111000000000000000000000000000
111111000000101001000000000110000000010011111000000000001111000000000000000100110011100000000000000000000000000000000000000000000000000000000000
111111101000110110000000000000000000000011111000001010011111000000000011000000001101010000000000000000000000000101000100000000000000000000000000
111111000000110110000000001001000000100001111000001010001111000000000000000000000000010100000000000000000000000000000000000000000000000000000000
111111110000110110000000000000000000000011111000001010011111000000001000011100000000001000100100000000000000000101010000000000000000000000000000
111111000000101001000000000110000000010011111000000000001111000000000000000110010101100000000000000000000000000000000000000000000000000000000000
111111101000110110000000000000000000000011111000001010011111000000000011000001100001010000000000000000000000000101011100000000000000000000000000
111111000000110110000000001001000000100001111000001010001111000000000000000000000000010100000000000000000000000000000000000000000000000000000000
111111110000110110000000000000000000000011111000001010011111000000001000010000001100001000100111000000000000000101101000000000000000000000000000
111111000000101001000000000110000000010011111000000000001111000000000000000010100111100000000000000000000000000000000000000000000000000000000000
111111101000110110000000000000000000000011111000001010011111000000000011001100000001010000000000000000000000000101110100000000000000000000000000
111111000000110110000000001001000000100001111000001010001111000000000000000000000000010100000000000000000000000000000000000000000000000000000000
111111010000110110000000000000000000000011111000001010011111000000000000010001100000001000101010000000000000000000000000000000000000000000000000
111111000000101001000000000110000000010011111000000000001111000000000000000100110011100000000000000000000000000000000000000000000000000000000000
000000001000000000000000000000000000000000000000000000000000000000000000000000000001010000000000000000000000000000000000000000000000000000000000
111111000000110110000000001001000000100001111000001010001111000000000000000000000000010100000000000000000000000000000000000000000000000000000000
000000010000000000000000000000000000000000000000000000000000000000000000000000000000001000101101000000000000000000000000000000000000000000000000
