000000100000000000000000000000000000000000000000000000000000000000001000000000000000000000000000000000000000000000000000000000000000000000000000
111111100000110110000000000000000000000000111000010110000111000000010011001100000000000000000000000000000000000000001100000000000000000000000000
111111000000110110000000000000000000000000111000010110000111000000010000010001100000000000000000000000000000000000000000000000000000000000000000
111111100000100101000000011000000000100000111000000010000111000000011000000100110001100000000000000000000000000000011000000000000000000000000000
111111001000110110000000000000000000000000111000010110000111000000010010000000001101010000000000000000000000000000000000000000000000000000000000
111111000000110110000000011110000001000000111000010110000111000000010000000000000000010100000000000000000000000000000000000000000000000000000000
111111110000100101000000011000000000100000111000000010000111000000010001000010100111101000000000000000000000000000100100000000000000000000000000
111111001000110110000000000000000000000000111000010110000111000000010000011100000001010000000000000000000000000000000000000000000000000000000000
111111000000110110000000011110000001000000111000010110000111000000010000000000000000010100000000000000000000000000000000000000000000000000000000
111111110000100101000000011000000000100000111000000010000111000000011000000110010101101000000011000000000000000000110000000000000000000000000000
111111001000110110000000000000000000000000111000010110000111000000010010000001100001010000000000000000000000000000000000000000000000000000000000
111111000000110110000000011110000001000000111000010110000111000000010000000000000000010100000000000000000000000000000000000000000000000000000000
111111110000100101000000011000000000100000111000000010000111000000010001000100110011101000000110000000000000000000111100000000000000000000000000
111111001000110110000000000000000000000000111000010110000111000000010000010000001101010000000000000000000000000000000000000000000000000000000000
111111000000110110000000011110000001000000111000010110000111000000010000000000000000010100000000000000000000000000000000000000000000000000000000
111111110000100101000000011000000000100000111000000010000111000000011000000010100111101000001001000000000000000001001000000000000000000000000000
111111001000110110000000000000000000000000111000010110000111000000010010001100000001010000000000000000000000000000000000000000000000000000000000
111111000000110110000000011110000001000000111000010110000111000000010000000000000000010100000000000000000000000000000000000000000000000000000000
111111110000100101000000011000000000100000111000000010000111000000010001000110010101101000001100000000000000000001010100000000000000000000000000
111111001000110110000000000000000000000000111000010110000111000000010000010001100001010000000000000000000000000000000000000000000000000000000000
111111000000110110000000011110000001000000111000010110000111000000010000000000000000010100000000000000000000000000000000000000000000000000000000
111111010000100101000000011000000000100000111000000010000111000000010000000100110011101000001111000000000000000000000000000000000000000000000000
000000001000000000000000000000000000000000000000000000000000000000000000000000000001010000000000000000000000000000000000000000000000000000000000
111111000000110110000000011110000001000000111000010110000111000000010000000000000000010100000000000000000000000000000000000000000000000000000000
111111010000100101000000011000000000100000111000000010000111000000010000000010100001101000010010000000000000000000000000000000000000000000000000
000000001000000000000000000000000000000000000000000000000000000000000000000000000001010000000000000000000000000000000000000000000000000000000000
111111000000110110000000011110000001000000111000010110000111000000010000000000000000010100000000000000000000000000000000000000000000000000000000
000000010000000000000000000000000000000000000000000000000000000000000000000000000000001000010101000000000000000000000000000000000000000000000000
