000000100000000000000000000000000000000000000000000000000000000000001000000000000000000000000000000000000000000000000000000000000000000000000000
111111100000110110000000000000000000000000011000101110000011000000110011001100000000000000000000000000000000000000001100000000000000000000000000
111111000000110110000000000000000000000000011000101110000011000000110000010001100000000000000000000000000000000000000000000000000000000000000000
111111100000100101000001100000000001000000011000000110000011000000111000000100110001100000000000000000000000000000011000000000000000000000000000
111111001000110110000000000000000000000000011000101110000011000000110010000000001101010000000000000000000000000000000000000000000000000000000000
111111000000110110000001101100000010000000011000101110000011000000110000000000000000010100000000000000000000000000000000000000000000000000000000
111111110000100101000001100000000001000000011000000110000011000000110001000010100111101000000000000000000000000000100100000000000000000000000000
111111001000110110000000000000000000000000011000101110000011000000110000011100000001010000000000000000000000000000000000000000000000000000000000
111111000000110110000001101100000010000000011000101110000011000000110000000000000000010100000000000000000000000000000000000000000000000000000000
111111010000100101000001100000000001000000011000000110000011000000110000000110010101101000000011000000000000000000000000000000000000000000000000
000000001000000000000000000000000000000000000000000000000000000000000000000000000001010000000000000000000000000000000000000000000000000000000000
111111000000110110000001101100000010000000011000101110000011000000110000000000000000010100000000000000000000000000000000000000000000000000000000
111111010000100101000001100000000001000000011000000110000011000000110000000100000011101000000110000000000000000000000000000000000000000000000000
000000001000000000000000000000000000000000000000000000000000000000000000000000000001010000000000000000000000000000000000000000000000000000000000
111111000000110110000001101100000010000000011000101110000011000000110000000000000000010100000000000000000000000000000000000000000000000000000000
000000010000000000000000000000000000000000000000000000000000000000000000000000000000001000001001000000000000000000000000000000000000000000000000
