000000100000000000000000000000000000000000000000000000000000000000001000000000000000000000000000000000000000000000000000000000000000000000000000
111111100000110110000000000000000000000001111000001010001111000000000011001100000000000000000000000000000000000000001100000000000000000000000000
111111000000110110000000000000000000000001111000001010001111000000000000010001100000000000000000000000000000000000000000000000000000000000000000
111111100000100101000000000110000000010001111000000000001111000000001000000100110001100000000000000000000000000000011000000000000000000000000000
111111001000110110000000000000000000000001111000001010001111000000000010000000001101010000000000000000000000000000000000000000000000000000000000
111111000000110110000000001001000000100001111000001010001111000000000000000000000000010100000000000000000000000000000000000000000000000000000000
111111110000100101000000000110000000010001111000000000001111000000000001000010100111101000000000000000000000000000100100000000000000000000000000
111111001000110110000000000000000000000001111000001010001111000000000000011100000001010000000000000000000000000000000000000000000000000000000000
111111000000110110000000001001000000100001111000001010001111000000000000000000000000010100000000000000000000000000000000000000000000000000000000
111111110000100101000000000110000000010001111000000000001111000000001000000110010101101000000011000000000000000000110000000000000000000000000000
111111001000110110000000000000000000000001111000001010001111000000000010000001100001010000000000000000000000000000000000000000000000000000000000
111111000000110110000000001001000000100001111000001010001111000000000000000000000000010100000000000000000000000000000000000000000000000000000000
111111110000100101000000000110000000010001111000000000001111000000000001000100110011101000000110000000000000000000111100000000000000000000000000
111111001000110110000000000000000000000001111000001010001111000000000000010000001101010000000000000000000000000000000000000000000000000000000000
111111000000110110000000001001000000100001111000001010001111000000000000000000000000010100000000000000000000000000000000000000000000000000000000
111111110000100101000000000110000000010001111000000000001111000000001000000010100111101000001001000000000000000001001000000000000000000000000000
111111001000110110000000000000000000000001111000001010001111000000000010001100000001010000000000000000000000000000000000000000000000000000000000
111111000000110110000000001001000000100001111000001010001111000000000000000000000000010100000000000000000000000000000000000000000000000000000000
111111110000100101000000000110000000010001111000000000001111000000000001000110010101101000001100000000000000000001010100000000000000000000000000
111111001000110110000000000000000000000001111000001010001111000000000000010001100001010000000000000000000000000000000000000000000000000000000000
111111000000110110000000001001000000100001111000001010001111000000000000000000000000010100000000000000000000000000000000000000000000000000000000
111111110000100101000000000110000000010001111000000000001111000000001000000100110011101000001111000000000000000001100000000000000000000000000000
111111001000110110000000000000000000000001111000001010001111000000000010000000001101010000000000000000000000000000000000000000000000000000000000
111111000000110110000000001001000000100001111000001010001111000000000000000000000000010100000000000000000000000000000000000000000000000000000000
111111110000100101000000000110000000010001111000000000001111000000000001000010100111101000010010000000000000000001101100000000000000000000000000
111111001000110110000000000000000000000001111000001010001111000000000000011100000001010000000000000000000000000000000000000000000000000000000000
111111000000110110000000001001000000100001111000001010001111000000000000000000000000010100000000000000000000000000000000000000000000000000000000
111111110000100101000000000110000000010001111000000000001111000000001000000110010101101000010101000000000000000001111000000000000000000000000000
111111001000110110000000000000000000000001111000001010001111000000000010000001100001010000000000000000000000000000000000000000000000000000000000
111111000000110110000000001001000000100001111000001010001111000000000000000000000000010100000000000000000000000000000000000000000000000000000000
111111110000100101000000000110000000010001111000000000001111000000000001000100110011101000011000000000000000000010000100000000000000000000000000
111111001000110110000000000000000000000001111000001010001111000000000000010000001101010000000000000000000000000000000000000000000000000000000000
111111000000110110000000001001000000100001111000001010001111000000000000000000000000010100000000000000000000000000000000000000000000000000000000
111111110000100101000000000110000000010001111000000000001111000000001000000010100111101000011011000000000000000010010000000000000000000000000000
111111001000110110000000000000000000000001111000001010001111000000000010001100000001010000000000000000000000000000000000000000000000000000000000
111111000000110110000000001001000000100001111000001010001111000000000000000000000000010100000000000000000000000000000000000000000000000000000000
111111110000100101000000000110000000010001111000000000001111000000000001000110010101101000011110000000000000000010011100000000000000000000000000
111111001000110110000000000000000000000001111000001010001111000000000000010001100001010000000000000000000000000000000000000000000000000000000000
111111000000110110000000001001000000100001111000001010001111000000000000000000000000010100000000000000000000000000000000000000000000000000000000
111111110000100101000000000110000000010001111000000000001111000000001000000100110011101000100001000000000000000010101000000000000000000000000000
111111001000110110000000000000000000000001111000001010001111000000000010000000001101010000000000000000000000000000000000000000000000000000000000
111111000000110110000000001001000000100001111000001010001111000000000000000000000000010100000000000000000000000000000000000000000000000000000000
111111110000100101000000000110000000010001111000000000001111000000000001000010100111101000100100000000000000000010110100000000000000000000000000
111111001000110110000000000000000000000001111000001010001111000000000000011100000001010000000000000000000000000000000000000000000000000000000000
111111000000110110000000001001000000100001111000001010001111000000000000000000000000010100000000000000000000000000000000000000000000000000000000
111111010000100101000000000110000000010001111000000000001111000000000000000110010101101000100111000000000000000000000000000000000000000000000000
000000001000000000000000000000000000000000000000000000000000000000000000000000000001010000000000000000000000000000000000000000000000000000000000
111111000000110110000000001001000000100001111000001010001111000000000000000000000000010100000000000000000000000000000000000000000000000000000000
111111010000100101000000000110000000010001111000000000001111000000000000000100000011101000101010000000000000000000000000000000000000000000000000
000000001000000000000000000000000000000000000000000000000000000000000000000000000001010000000000000000000000000000000000000000000000000000000000
111111000000110110000000001001000000100001111000001010001111000000000000000000000000010100000000000000000000000000000000000000000000000000000000
000000010000000000000000000000000000000000000000000000000000000000000000000000000000001000101101000000000000000000000000000000000000000000000000
