0001 c901 0000 0000
fffd 0008 ffff fffe
0006 0006 0005 0007
0003 0009 0002 ffff
0005 0003 0000 0007
0005 0007 0003 0004
0003 0004 0003 0000
0000 0003 0002 0002
0000 0002 0002 0004
0003 0003 0003 0002
ffff fffd 0001 0003
0004 0004 0003 0000
0002 ffff 0006 0000
fffb ffff 0008 0000
0004 0002 0006 0007
0001 0003 0001 0000
0002 fffd 0004 0001
0000 0006 0003 0002
0007 0005 0007 0002
0003 0002 fffe 0004
fff9 0006 0003 0002
ffff 0003 0007 0006
0000 0005 0001 0002
0000 0006 0006 0005
0003 ffff fffb ffff
