000000100000000000000000000000000000000000000000000000000000000000001000000000000000000000000000000000000000000000000000000000000000000000000000
111111100000110110000000000000000000000001111000010110001111000000010011001100000000000000000000000000000000000000001100000000000000000000000000
111111100000110110000000000000000000000001111000010110001111000000011000010001100000000000000000000000000000000000011000000000000000000000000000
111111000000101001000000011000000000100001111000000010000111000000010000000100110001100000000000000000000000000000000000000000000000000000000000
111111101000110110000000000000000000000001111000010110001111000000010011000000001101010000000000000000000000000000100100000000000000000000000000
111111000000110110000000011110000001000000111000010110000111000000010000000000000000010100000000000000000000000000000000000000000000000000000000
111111110000110110000000000000000000000001111000010110001111000000011000011100000000001000000000000000000000000000110000000000000000000000000000
111111000000101001000000011000000000100001111000000010000111000000010000000110010101100000000000000000000000000000000000000000000000000000000000
111111101000110110000000000000000000000001111000010110001111000000010011000001100001010000000000000000000000000000111100000000000000000000000000
111111000000110110000000011110000001000000111000010110000111000000010000000000000000010100000000000000000000000000000000000000000000000000000000
111111110000110110000000000000000000000001111000010110001111000000011000010000001100001000000011000000000000000001001000000000000000000000000000
111111000000101001000000011000000000100001111000000010000111000000010000000010100111100000000000000000000000000000000000000000000000000000000000
111111101000110110000000000000000000000001111000010110001111000000010011001100000001010000000000000000000000000001010100000000000000000000000000
111111000000110110000000011110000001000000111000010110000111000000010000000000000000010100000000000000000000000000000000000000000000000000000000
111111110000110110000000000000000000000001111000010110001111000000011000010001100000001000000110000000000000000001100000000000000000000000000000
111111000000101001000000011000000000100001111000000010000111000000010000000100110011100000000000000000000000000000000000000000000000000000000000
111111101000110110000000000000000000000001111000010110001111000000010011000000001101010000000000000000000000000001101100000000000000000000000000
111111000000110110000000011110000001000000111000010110000111000000010000000000000000010100000000000000000000000000000000000000000000000000000000
111111110000110110000000000000000000000001111000010110001111000000011000011100000000001000001001000000000000000001111000000000000000000000000000
111111000000101001000000011000000000100001111000000010000111000000010000000110010101100000000000000000000000000000000000000000000000000000000000
111111101000110110000000000000000000000001111000010110001111000000010011000001100001010000000000000000000000000010000100000000000000000000000000
111111000000110110000000011110000001000000111000010110000111000000010000000000000000010100000000000000000000000000000000000000000000000000000000
111111110000110110000000000000000000000001111000010110001111000000011000010000001100001000001100000000000000000010010000000000000000000000000000
111111000000101001000000011000000000100001111000000010000111000000010000000010100111100000000000000000000000000000000000000000000000000000000000
111111101000110110000000000000000000000001111000010110001111000000010011001100000001010000000000000000000000000010011100000000000000000000000000
111111000000110110000000011110000001000000111000010110000111000000010000000000000000010100000000000000000000000000000000000000000000000000000000
111111110000110110000000000000000000000001111000010110001111000000011000010001100000001000001111000000000000000010101000000000000000000000000000
111111000000101001000000011000000000100001111000000010000111000000010000000100110011100000000000000000000000000000000000000000000000000000000000
111111101000110110000000000000000000000001111000010110001111000000010011000000001101010000000000000000000000000010110100000000000000000000000000
111111000000110110000000011110000001000000111000010110000111000000010000000000000000010100000000000000000000000000000000000000000000000000000000
111111010000110110000000000000000000000001111000010110001111000000010000011100000000001000010010000000000000000000000000000000000000000000000000
111111000000101001000000011000000000100001111000000010000111000000010000000110010101100000000000000000000000000000000000000000000000000000000000
000000001000000000000000000000000000000000000000000000000000000000000000000000000001010000000000000000000000000000000000000000000000000000000000
111111000000110110000000011110000001000000111000010110000111000000010000000000000000010100000000000000000000000000000000000000000000000000000000
000000010000000000000000000000000000000000000000000000000000000000000000000000000000001000010101000000000000000000000000000000000000000000000000
