0000001000000000000000000000000000000000000000000000000000000000000100000000000000000000000000000000000000000000100000000110000000000000000000
1111111000001101100000000000000000000000001100000110001011100000011001100110000000000000000000000000000000000000100000010010000000000000000000
1111110000001101100000000000000000000000001100000110001011100000011000001000110000000000000000000000000000000000000000000000000000000000000000
1111111000001001000000110000000000100000001100000110000000000000011100000010011000110000000000000000000000000000100000011110000000000000000000
1111110010001101100000000000000000000000001100000110001011100000011001000000000110101000000000000000000000000000000000000000000000000000000000
1111110000001101100000110110000001000000001100000110001011100000011000000000000000001010000000000000000000000000000000000000000000000000000000
1111111100001001000000110000000000100000001100000110000000000000011000000100001011110100100000000110000000000000100000101010000000000000000000
1111110010001101100000000000000000000000001100000110001011100000011000001110000000101000000000000000000000000000000000000000000000000000000000
1111110000001101100000110110000001000000001100000110001011100000011000000000000000001010000000000000000000000000000000000000000000000000000000
1111110100001001000000110000000000100000001100000110000000000000011000000011001010110100100000010010000000000000000000000000000000000000000000
0000000010000000000000000000000000000000000000000000000000000000000000000000000000101000000000000000000000000000000000000000000000000000000000
1111110000001101100000110110000001000000001100000110001011100000011000000000000000001010000000000000000000000000000000000000000000000000000000
1111110100001001000000110000000000100000001100000110000000000000011000000001000010110100100000011110000000000000000000000000000000000000000000
0000000010000000000000000000000000000000000000000000000000000000000000000000000000101000000000000000000000000000000000000000000000000000000000
1111110000001101100000110110000001000000001100000110001011100000011000000000000000001010000000000000000000000000000000000000000000000000000000
0000000100000000000000000000000000000000000000000000000000000000000000000000000000000100100000101010000000000000000000000000000000000000000000
