0000001000000000000000000000000000000000000000000000000000000000000000000100000000000000000000000000000000000000100000000000000000000000000000
0000001000000000000000000000000000000000000000000000000000000000000000000000100000000000000000000000000000000000100000011000000000000000000000
1111110000001010000000000000000000000000111100001110000000000000001000000010011000110000000000000000000000000000000000000000000000000000000000
0000001010000000000000000000000000000000000000000000000000000000000000000000000100101000000000000000000000000000100000110000000000000000000000
1111111000001101100000000011000000010000011100001110000101100000001000000100000000001010000000000000000000000000100001001000000000000000000000
1111110100001010000000000000000000000000111100001110000000000000001000000011001010110100100000000000000000000000000000000000000000000000000000
0000001010000000000000000000000000000000000000000000000000000000000000000000100000101000000000000000000000000000100001100000000000000000000000
1111111000001101100000000011000000010000011100001110000101100000001000000000000100001010000000000000000000000000100001111000000000000000000000
1111110100001010000000000000000000000000111100001110000000000000001000000001010011110100100000001100000000000000000000000000000000000000000000
0000001010000000000000000000000000000000000000000000000000000000000000000100000000101000000000000000000000000000100010010000000000000000000000
1111111000001101100000000011000000010000011100001110000101100000001000000000100000001010000000000000000000000000100010101000000000000000000000
1111110100001010000000000000000000000000111100001110000000000000001000000010011001110100100000011000000000000000000000000000000000000000000000
0000001010000000000000000000000000000000000000000000000000000000000000000000000100101000000000000000000000000000100011000000000000000000000000
1111111000001101100000000011000000010000011100001110000101100000001000000100000000001010000000000000000000000000100011011000000000000000000000
1111110100001010000000000000000000000000111100001110000000000000001000000011001010110100100000100100000000000000000000000000000000000000000000
0000001010000000000000000000000000000000000000000000000000000000000000000000100000101000000000000000000000000000100011110000000000000000000000
1111111000001101100000000011000000010000011100001110000101100000001000000000000100001010000000000000000000000000100100001000000000000000000000
1111110100001010000000000000000000000000111100001110000000000000001000000001010011110100100000110000000000000000000000000000000000000000000000
0000001010000000000000000000000000000000000000000000000000000000000000000100000000101000000000000000000000000000100100100000000000000000000000
1111111000001101100000000011000000010000011100001110000101100000001000000000100000001010000000000000000000000000100100111000000000000000000000
1111110100001010000000000000000000000000111100001110000000000000001000000010011001110100100000111100000000000000000000000000000000000000000000
0000001010000000000000000000000000000000000000000000000000000000000000000000000100101000000000000000000000000000100101010000000000000000000000
1111111000001101100000000011000000010000011100001110000101100000001000000100000000001010000000000000000000000000100101101000000000000000000000
1111110100001010000000000000000000000000111100001110000000000000001000000011001010110100100001001000000000000000000000000000000000000000000000
0000000010000000000000000000000000000000000000000000000000000000000000000000000000101000000000000000000000000000000000000000000000000000000000
1111110000001101100000000011000000010000011100001110000101100000001000000000000000001010000000000000000000000000000000000000000000000000000000
0000000100000000000000000000000000000000000000000000000000000000000000000000000000000100100001010100000000000000000000000000000000000000000000
