0000001000000000000000000000000000000000000000000000000000000000000100000000000000000000000000000000000000000000100000001100000000000000000000
1111111000001101100000000000000000000000111100011110000010100000000001100110000000000000000000000000000000000000100000100100000000000000000000
1111110000001101100000000000000000000000111100011110000010100000000000001000110000000000000000000000000000000000000000000000000000000000000000
1111111000001001000000000011000000001000111100011110000000000000000100000010011000110000000000000000000000000000100000111100000000000000000000
1111110010001101100000000000000000000000111100011110000010100000000001000000000110101000000000000000000000000000000000000000000000000000000000
1111110000001101100000000100100000010000111100011110000010100000000000000000000000001010000000000000000000000000000000000000000000000000000000
1111111100001001000000000011000000001000111100011110000000000000000000100001010011110100100000001100000000000000100001010100000000000000000000
1111110010001101100000000000000000000000111100011110000010100000000000001110000000101000000000000000000000000000000000000000000000000000000000
1111110000001101100000000100100000010000111100011110000010100000000000000000000000001010000000000000000000000000000000000000000000000000000000
1111111100001001000000000011000000001000111100011110000000000000000100000011001010110100100000100100000000000000100001101100000000000000000000
1111110010001101100000000000000000000000111100011110000010100000000001000000110000101000000000000000000000000000000000000000000000000000000000
1111110000001101100000000100100000010000111100011110000010100000000000000000000000001010000000000000000000000000000000000000000000000000000000
1111111100001001000000000011000000001000111100011110000000000000000000100010011001110100100000111100000000000000100010000100000000000000000000
1111110010001101100000000000000000000000111100011110000010100000000000001000000110101000000000000000000000000000000000000000000000000000000000
1111110000001101100000000100100000010000111100011110000010100000000000000000000000001010000000000000000000000000000000000000000000000000000000
1111111100001001000000000011000000001000111100011110000000000000000100000001010011110100100001010100000000000000100010011100000000000000000000
1111110010001101100000000000000000000000111100011110000010100000000001000000000110101000000000000000000000000000000000000000000000000000000000
1111110000001101100000000100100000010000111100011110000010100000000000000000000000001010000000000000000000000000000000000000000000000000000000
1111111100001001000000000011000000001000111100011110000000000000000000100001010011110100100001101100000000000000100010110100000000000000000000
1111110010001101100000000000000000000000111100011110000010100000000000001110000000101000000000000000000000000000000000000000000000000000000000
1111110000001101100000000100100000010000111100011110000010100000000000000000000000001010000000000000000000000000000000000000000000000000000000
1111111100001001000000000011000000001000111100011110000000000000000100000011001010110100100010000100000000000000100011001100000000000000000000
1111110010001101100000000000000000000000111100011110000010100000000001000000110000101000000000000000000000000000000000000000000000000000000000
1111110000001101100000000100100000010000111100011110000010100000000000000000000000001010000000000000000000000000000000000000000000000000000000
1111111100001001000000000011000000001000111100011110000000000000000000100010011001110100100010011100000000000000100011100100000000000000000000
1111110010001101100000000000000000000000111100011110000010100000000000001000000110101000000000000000000000000000000000000000000000000000000000
1111110000001101100000000100100000010000111100011110000010100000000000000000000000001010000000000000000000000000000000000000000000000000000000
1111111100001001000000000011000000001000111100011110000000000000000100000001010011110100100010110100000000000000100011111100000000000000000000
1111110010001101100000000000000000000000111100011110000010100000000001000000000110101000000000000000000000000000000000000000000000000000000000
1111110000001101100000000100100000010000111100011110000010100000000000000000000000001010000000000000000000000000000000000000000000000000000000
1111111100001001000000000011000000001000111100011110000000000000000000100001010011110100100011001100000000000000100100010100000000000000000000
1111110010001101100000000000000000000000111100011110000010100000000000001110000000101000000000000000000000000000000000000000000000000000000000
1111110000001101100000000100100000010000111100011110000010100000000000000000000000001010000000000000000000000000000000000000000000000000000000
1111111100001001000000000011000000001000111100011110000000000000000100000011001010110100100011100100000000000000100100101100000000000000000000
1111110010001101100000000000000000000000111100011110000010100000000001000000110000101000000000000000000000000000000000000000000000000000000000
1111110000001101100000000100100000010000111100011110000010100000000000000000000000001010000000000000000000000000000000000000000000000000000000
1111111100001001000000000011000000001000111100011110000000000000000000100010011001110100100011111100000000000000100101000100000000000000000000
1111110010001101100000000000000000000000111100011110000010100000000000001000000110101000000000000000000000000000000000000000000000000000000000
1111110000001101100000000100100000010000111100011110000010100000000000000000000000001010000000000000000000000000000000000000000000000000000000
1111111100001001000000000011000000001000111100011110000000000000000100000001010011110100100100010100000000000000100101011100000000000000000000
1111110010001101100000000000000000000000111100011110000010100000000001000000000110101000000000000000000000000000000000000000000000000000000000
1111110000001101100000000100100000010000111100011110000010100000000000000000000000001010000000000000000000000000000000000000000000000000000000
1111111100001001000000000011000000001000111100011110000000000000000000100001010011110100100100101100000000000000100101110100000000000000000000
1111110010001101100000000000000000000000111100011110000010100000000000001110000000101000000000000000000000000000000000000000000000000000000000
1111110000001101100000000100100000010000111100011110000010100000000000000000000000001010000000000000000000000000000000000000000000000000000000
1111110100001001000000000011000000001000111100011110000000000000000000000011001010110100100101000100000000000000000000000000000000000000000000
0000000010000000000000000000000000000000000000000000000000000000000000000000000000101000000000000000000000000000000000000000000000000000000000
1111110000001101100000000100100000010000111100011110000010100000000000000000000000001010000000000000000000000000000000000000000000000000000000
1111110100001001000000000011000000001000111100011110000000000000000000000001000010110100100101011100000000000000000000000000000000000000000000
0000000010000000000000000000000000000000000000000000000000000000000000000000000000101000000000000000000000000000000000000000000000000000000000
1111110000001101100000000100100000010000111100011110000010100000000000000000000000001010000000000000000000000000000000000000000000000000000000
0000000100000000000000000000000000000000000000000000000000000000000000000000000000000100100101110100000000000000000000000000000000000000000000
